,DE,SHADE,CMA-ES,NRBO,BOA,HHO-Lite
DE,1.0000,0.9984,0.9975,0.9984,0.9987,0.9999
SHADE,0.9984,1.0000,0.9946,0.9969,0.9962,0.9984
CMA-ES,0.9975,0.9946,1.0000,0.9939,0.9978,0.9973
NRBO,0.9984,0.9969,0.9939,1.0000,0.9963,0.9983
BOA,0.9987,0.9962,0.9978,0.9963,1.0000,0.9985
HHO-Lite,0.9999,0.9984,0.9973,0.9983,0.9985,1.0000
